Data Type:                         GLASS PROCESSED DATA, FileFormat 1 
Project ID:                           QNA PIBAL--GPS SOUNDING 6 ft^3
Launch Site Type/Site ID:      MOBILE
Launch Location (lon, lat alt):     35 43.03'N, 120 46.39'W, 692.8
GMT Launch Time (y,m,d,h,m,s):    2012, 10, 23, 16:10:39 
Sonde Type/ID/Sensor ID/Tx Freq:   QNA MAXMS/PIBAL VERSION1, 0, 401.5
Met Processor/Met Smoothing:           QNA MET Processor , 5 SECONDS
Winds Type/Processor/Smoothing:    GPS  QNA Processor , 5 SECONDS
Pre-Launch Met Obs Source:              Manual
System Operator/Comments:             None
/
CAUTION !!!  THIS DATA SET IS UNEDITED AND HAS NOT BEEN REVIEWED FOR ACCURACY.
 Time  Press   Temp     RH    Wdir   Wspd     dz     Lon     Lat    GPS Alt Sa
  sec    mb      C       %     deg    m/s    m/s     deg     deg         m  #s
------ ------ ------ ------ ------ ------- ------ -------- ------- ------- --
  0.0  932.5   11.9   64.7  310.1    4.29  -15.9 -120.773  35.717   692.8 15
  0.2  932.9   12.0   64.6  311.6    4.15  -16.1 -120.773  35.717   689.1 15
  0.5  933.3   12.0   64.6  310.2    4.30  -15.8 -120.773  35.717   685.3 15
  1.5  934.9   12.1   64.4  299.9    3.04  -15.3 -120.773  35.717   670.6 15
  2.0  935.7   12.2   64.3  311.7    2.34  -15.3 -120.773  35.717   663.3 15
  2.2  936.1   12.2   64.1  327.3    2.36  -15.5 -120.773  35.717   659.8 15
  2.5  936.5   12.3   64.2  311.5    2.69  -15.2 -120.773  35.717   656.2 15
  3.2  937.7   12.3   63.9  305.7    2.72  -15.5 -120.773  35.717   645.2 15
  3.5  938.2   12.4   63.9  303.6    2.33  -15.5 -120.773  35.717   641.6 15
  4.0  938.9   12.5   63.8  324.4    2.12  -15.7 -120.773  35.717   634.0 15
  4.2  939.3   12.5   63.7  327.6    2.37  -15.5 -120.773  35.717   630.4 15
  4.5  939.7   12.5   63.7  325.3    2.70  -15.4 -120.773  35.717   626.7 15
  5.2  940.9   12.6   63.5  321.3    2.02  -15.3 -120.773  35.717   615.7 15
  5.5  941.4   12.6   63.4  331.8    2.03  -15.4 -120.773  35.717   612.0 15
  6.0  942.3   12.7   63.3  337.0    2.43  -15.9 -120.773  35.717   604.6 15
  6.2  942.6   12.8   63.2  328.3    2.31  -16.1 -120.773  35.717   600.8 15
  6.5  943.1   12.8   63.2  323.9    2.50  -15.9 -120.773  35.717   597.0 15
  7.2  944.4   12.9   62.9  315.0    1.73  -15.8 -120.773  35.717   585.8 15
  7.5  944.8   12.9   62.8  317.6    1.15  -15.8 -120.773  35.717   582.1 15
  8.0  945.8   13.0   62.7  354.7    1.37  -15.8 -120.773  35.717   574.5 15
  8.2  945.9   13.0   62.6  354.9    1.84  -16.1 -120.773  35.717   570.9 15
  8.5  946.6   13.1   62.5  333.1    1.64  -16.0 -120.773  35.717   567.5 15
  9.2  947.7   13.2   62.3  321.5    1.47  -16.3 -120.773  35.717   555.9 15
  9.5  948.2   13.2   62.1  343.9    1.02  -16.3 -120.773  35.717   552.1 15
 10.2  949.4   13.3   61.9  348.4    2.16  -15.6 -120.773  35.717   541.5 15
 10.5  949.9   13.4   61.8  333.3    2.49  -15.4 -120.773  35.717   537.7 15
 11.2  951.1   13.5   61.6  320.3    1.70  -15.6 -120.773  35.717   526.5 15
 11.5  951.6   13.5   61.5  325.8    1.51  -15.7 -120.773  35.717   522.6 15
 12.0  952.3   13.6   61.4    0.1    1.46  -15.8 -120.773  35.717   515.0 15
 12.2  952.8   13.6   61.2  358.3    1.69  -16.0 -120.773  35.717   511.4 15
 12.5  953.2   13.6   61.1  359.3    1.87  -15.7 -120.773  35.717   507.6 15
 13.2  954.5   13.8   60.9  334.6    2.63  -15.7 -120.773  35.717   496.5 15
 13.5  954.8   13.8   60.8  319.1    3.09  -15.5 -120.773  35.717   492.6 15
 14.0  955.7   13.9   60.5  322.1    2.20  -15.5 -120.773  35.717   485.2 15
 14.2  956.2   13.9   60.4  317.6    1.62  -15.6 -120.773  35.717   481.4 15
 15.2  957.6   14.1   60.1  323.0    1.79  -15.8 -120.773  35.717   466.8 15
 15.5  958.4   14.1   60.0  307.9    1.44  -15.8 -120.773  35.717   463.1 15
 16.0  959.2   14.2   59.7  318.4    0.92  -15.4 -120.773  35.717   456.0 15
 16.2  959.3   14.2   59.7  320.7    0.72  -15.5 -120.773  35.717   452.2 15
 16.5  960.0   14.3   59.6  351.4    1.01  -15.6 -120.773  35.717   448.5 15
 17.2  961.1   14.4   59.2  323.8    2.49  -14.4 -120.773  35.717   438.0 15
 17.5  961.5   14.4   59.1  320.4    2.42  -14.8 -120.773  35.717   434.5 15
 18.0  962.3   14.5   59.0  334.3    1.95  -15.5 -120.773  35.717   427.1 15
 18.2  962.7   14.5   58.9  342.8    2.33  -15.9 -120.773  35.717   423.4 15
 18.5  963.1   14.6   58.8  341.1    2.34  -16.0 -120.773  35.717   419.7 15
 19.2  964.3   14.7   58.5  327.3    2.25  -15.9 -120.773  35.717   408.6 15
 19.5  964.9   14.7   58.3  328.0    2.09  -15.9 -120.773  35.717   404.8 15
 20.0  965.7   14.7   58.2  356.5    2.34  -15.9 -120.773  35.717   397.4 15
 20.2  966.0   14.8   58.1  357.3    2.55  -15.8 -120.773  35.717   393.6 15
 20.5  966.6   14.8   57.9  342.6    3.25  -16.0 -120.773  35.717   389.9 15
 21.2  967.8   14.9   57.7  327.1    3.52  -15.9 -120.773  35.717   378.3 15
 21.5  968.2   15.0   57.6  330.4    2.67  -15.7 -120.773  35.717   374.6 15
 22.0  969.1   15.0   57.3  327.2    2.31  -15.4 -120.773  35.717   367.2 15
 22.2  969.4   15.1   57.3  337.3    2.11  -15.5 -120.773  35.717   363.3 15
 22.5  970.0   15.1   57.2  344.4    1.92  -15.5 -120.773  35.717   359.6 15
 23.2  971.2   15.2   56.8  354.2    2.95  -15.3 -120.773  35.717   348.2 15
 23.5  971.7   15.2   56.8  354.0    3.23  -15.6 -120.773  35.717   344.6 15
 24.0  972.6   15.3   56.6  339.2    2.89  -15.9 -120.773  35.717   336.8 15
 24.2  972.9   15.3   56.5  335.7    2.29  -16.5 -120.773  35.717   332.9 15
 24.5  973.4   15.4   56.5  333.4    2.02  -16.6 -120.773  35.717   328.8 15
 25.2  974.7   15.4   56.1  357.0    3.08  -16.2 -120.773  35.717   318.2 15
 25.5  975.1   15.5   56.1  348.3    2.92  -16.3 -120.773  35.717   314.5 15
 26.2  976.4   15.6   55.7  332.9    2.28  -16.7 -120.773  35.717   302.5 15
 26.5  976.9   15.6   55.7  341.9    2.69  -17.0 -120.773  35.717   298.8 15
 27.2  978.1   15.7   55.5  350.3    3.55  -17.0 -120.773  35.717   287.2 15
 27.5  978.8   15.8   55.4  335.9    3.48  -16.7 -120.773  35.717   283.4 15
 28.0  979.5   15.8   55.1  331.5    3.14  -16.2 -120.773  35.717   275.7 15
 28.2  979.9   15.9   55.1  331.0    2.73  -16.3 -120.773  35.717   272.0 15
 28.5  980.4   15.9   55.0  352.1    2.45  -16.0 -120.773  35.717   268.3 15
